1000 1000
0 901 623
1 703 474
1 794 550
1 913 652
3 72 173
3 330 743
3 309 862
4 35 86
4 287 711
6 405 394
6 104 670
6 21 782
6 878 925
7 426 547
7 72 562
7 103 607
8 797 262
8 672 379
8 828 773
10 557 186
10 877 478
11 464 159
11 200 834
11 137 960
12 870 329
14 533 831
15 451 106
17 943 162
17 20 505
17 162 750
17 819 962
18 557 75
18 833 334
18 94 449
18 585 612
19 685 103
19 497 770
19 809 841
20 17 505
21 255 55
21 366 602
21 6 782
21 586 786
23 236 15
23 705 407
23 412 887
23 813 916
23 663 945
24 692 118
24 221 361
25 729 54
25 967 377
25 261 584
26 812 775
26 832 857
27 35 11
27 502 178
27 621 414
27 890 488
28 127 229
28 118 498
28 255 611
28 421 816
29 441 147
30 448 63
30 551 292
30 493 450
30 886 610
30 680 669
31 362 51
31 683 822
31 349 927
31 741 959
32 276 619
32 112 657
32 520 901
33 161 77
35 27 11
35 4 86
36 344 60
36 593 868
38 598 299
38 408 717
39 337 492
39 239 892
39 333 895
40 904 388
40 400 441
42 684 527
42 786 576
42 999 635
42 730 893
43 385 58
44 593 385
45 115 653
45 210 883
46 524 257
47 772 297
47 367 591
47 320 594
47 780 918
49 898 267
50 93 804
51 581 96
51 714 451
51 910 586
51 78 845
51 151 972
52 651 396
53 215 277
53 674 355
54 807 732
54 253 979
55 659 692
56 84 2
56 140 76
58 744 44
59 206 704
60 502 270
61 144 244
61 665 347
61 191 734
62 147 484
63 625 511
63 122 923
64 375 337
64 614 996
66 86 133
66 307 915
67 596 392
67 628 729
70 162 572
70 452 792
70 776 952
71 331 675
72 3 173
72 7 562
72 207 937
73 284 109
74 483 485
75 623 41
75 942 808
76 754 111
76 914 192
76 862 381
77 318 205
77 305 261
78 51 845
79 753 179
80 850 116
80 325 446
80 828 663
80 682 766
80 921 935
82 954 53
83 778 475
84 56 2
84 283 631
84 348 708
86 66 133
86 670 367
86 904 531
86 736 668
86 744 871
86 495 928
89 535 517
89 460 564
89 310 636
90 945 354
90 334 520
91 669 265
92 840 196
92 948 752
93 181 98
93 50 804
94 18 449
95 635 78
95 817 130
95 926 237
96 516 141
96 267 846
98 461 720
99 181 89
99 237 211
99 644 641
100 815 165
100 514 357
101 305 104
102 447 69
102 557 366
102 851 710
102 411 787
103 775 499
103 7 607
104 300 546
104 6 670
104 148 866
104 269 1001
105 350 263
105 817 282
105 491 629
106 522 47
106 232 538
106 664 614
107 784 373
108 995 258
108 211 276
108 195 300
110 909 391
111 408 87
111 818 203
111 563 658
111 675 755
112 540 139
112 32 657
112 208 890
113 337 62
114 454 442
114 961 512
115 45 653
115 703 891
116 131 275
117 958 426
118 28 498
118 310 788
118 382 905
119 288 694
120 423 917
120 466 998
121 472 480
122 659 310
122 63 923
122 873 947
124 186 724
125 586 490
126 426 399
127 874 70
127 28 229
127 350 406
128 648 135
128 937 259
129 478 362
131 116 275
131 579 335
131 205 627
132 778 246
132 461 644
132 275 820
133 209 473
134 864 183
134 694 597
136 325 16
136 737 508
136 640 703
137 612 169
137 589 650
137 559 851
137 11 960
138 558 269
138 621 348
138 433 861
139 492 274
139 959 543
140 56 76
140 437 368
141 321 363
141 814 573
141 299 889
141 267 922
142 204 238
143 514 72
143 532 793
144 573 146
144 61 244
144 515 941
145 545 723
146 416 132
146 173 264
146 664 433
147 62 484
148 104 866
148 529 881
148 770 888
149 804 968
150 316 236
150 606 336
151 990 59
151 299 341
151 171 545
151 190 646
151 51 972
153 783 493
153 324 987
154 268 552
154 534 909
155 922 497
155 300 515
157 813 56
157 218 567
158 581 6
158 545 943
160 287 926
161 961 23
161 33 77
161 510 467
162 381 184
162 916 281
162 790 384
162 594 405
162 70 572
162 17 750
164 690 698
165 612 456
166 699 33
166 457 206
167 786 842
167 458 929
168 193 678
168 832 993
170 605 323
170 830 721
171 672 52
171 151 545
172 743 661
172 818 885
173 750 180
173 146 264
173 985 558
173 789 599
173 616 722
174 395 225
175 958 481
175 679 622
177 661 533
178 833 445
179 361 469
180 510 149
180 754 855
181 674 18
181 99 89
181 93 98
181 981 462
182 497 707
182 529 817
182 671 843
182 476 954
183 691 57
183 784 783
184 196 476
184 344 525
184 467 590
185 968 805
185 774 933
186 960 228
186 955 302
186 437 521
186 213 630
186 124 724
189 678 212
189 233 393
189 833 549
190 476 320
190 151 646
191 907 43
191 804 168
191 61 734
192 571 112
192 469 321
193 168 678
194 202 293
194 783 587
195 108 300
195 224 807
196 184 476
196 553 504
197 313 330
198 700 470
198 463 491
199 767 166
199 918 271
200 432 648
200 11 834
200 696 847
201 923 315
201 887 772
202 194 293
202 703 343
204 966 172
204 142 238
205 720 608
205 131 627
206 839 656
206 59 704
206 920 919
207 311 39
207 307 327
207 72 937
208 588 108
208 824 305
208 416 489
208 266 712
208 112 890
209 133 473
210 880 49
210 627 283
210 45 883
211 108 276
212 906 93
212 595 733
212 905 882
213 234 346
213 186 630
214 910 312
215 53 277
215 224 352
215 482 714
216 668 621
216 645 751
216 690 853
217 231 90
217 298 802
217 631 850
218 157 567
218 890 970
219 750 412
220 679 575
221 324 32
221 24 361
222 860 324
222 575 455
223 765 529
224 621 156
224 215 352
224 721 464
224 586 683
224 195 807
225 472 67
226 875 46
226 337 542
226 417 595
228 618 494
229 703 290
229 778 519
229 854 811
231 217 90
231 296 126
232 444 81
232 308 200
232 457 201
232 106 538
232 517 554
232 624 643
233 795 214
233 189 393
234 213 346
235 577 830
236 23 15
236 542 233
236 411 616
237 99 211
237 502 536
237 889 797
238 585 465
238 819 902
239 242 620
239 39 892
240 723 88
240 246 241
240 687 898
240 759 931
241 481 268
241 845 461
242 811 463
242 239 620
242 409 860
242 715 896
243 828 859
243 795 907
244 853 48
246 240 241
246 788 389
246 262 739
247 712 418
247 664 778
249 787 628
249 585 730
250 591 82
250 420 239
250 342 240
250 569 409
250 264 801
251 595 973
252 264 944
253 434 170
253 54 979
254 473 319
254 764 706
254 957 749
254 495 950
255 21 55
255 318 331
255 278 583
255 28 611
256 709 84
256 266 553
256 822 757
257 715 142
259 959 73
259 488 127
259 554 541
261 25 584
261 833 774
262 246 739
263 772 759
263 556 956
264 866 781
264 250 801
264 252 944
266 334 177
266 256 553
266 208 712
267 537 665
267 845 768
267 96 846
267 141 922
268 444 10
268 907 34
268 798 122
268 540 530
268 154 552
268 808 779
269 422 411
269 104 1001
270 375 780
272 702 311
272 499 798
273 652 45
273 622 681
273 305 989
274 983 789
275 132 820
276 32 619
276 700 700
277 957 202
277 700 306
278 255 583
278 893 676
279 465 459
280 358 854
281 500 395
281 645 625
281 758 748
281 305 951
283 84 631
284 73 109
284 637 235
284 472 288
284 520 819
285 550 992
286 798 487
287 4 711
287 160 926
288 119 694
289 610 101
291 442 207
291 622 223
291 463 304
292 323 588
292 653 633
293 789 654
294 464 185
294 673 387
294 480 510
294 805 559
295 794 986
296 231 126
296 657 598
296 616 913
297 377 284
298 217 802
298 782 967
299 836 328
299 151 341
299 939 756
299 141 889
300 155 515
300 104 546
301 769 667
301 486 812
302 839 415
302 546 578
303 830 457
304 824 193
304 571 479
304 681 994
305 101 104
305 77 261
305 895 936
305 281 951
305 273 989
307 207 327
307 66 915
308 669 4
308 649 190
308 232 200
308 813 555
308 337 649
309 911 35
309 641 92
309 573 322
309 601 829
309 3 862
309 447 912
310 660 369
310 89 636
310 118 788
311 207 39
313 197 330
313 537 535
313 380 551
315 437 911
316 660 68
316 150 236
316 837 252
318 464 12
318 77 205
318 255 331
319 812 686
320 47 594
321 141 363
321 574 561
321 530 738
323 292 588
323 582 838
324 221 32
324 153 987
325 136 16
325 80 446
325 471 651
326 929 210
328 545 858
329 478 452
330 961 153
330 3 743
331 71 675
331 963 865
332 949 984
333 538 313
333 39 895
334 266 177
334 90 520
334 833 523
334 783 725
336 610 242
337 113 62
337 39 492
337 226 542
337 308 649
337 756 810
338 768 248
338 920 754
339 774 814
340 355 371
340 837 378
342 878 217
342 250 240
342 724 332
342 810 740
342 806 806
342 454 844
343 553 835
344 36 60
344 184 525
344 393 539
345 454 318
346 655 921
346 867 977
346 673 978
348 798 432
348 84 708
349 31 927
350 359 230
350 105 263
350 127 406
350 479 903
351 614 502
352 845 514
352 584 942
353 980 22
353 882 28
353 894 753
354 957 226
354 608 638
355 340 371
356 997 131
356 373 213
357 457 121
357 627 920
358 280 854
359 350 230
361 179 469
361 759 940
362 31 51
362 696 431
362 942 443
363 947 374
364 379 204
365 847 419
366 802 99
366 966 187
366 21 602
366 724 852
367 670 224
367 47 591
372 983 102
372 935 110
372 767 243
372 459 400
373 356 213
374 652 647
375 64 337
375 270 780
376 872 682
376 983 800
377 297 284
377 421 528
377 769 886
379 364 204
379 622 278
379 474 351
379 522 975
380 891 13
380 313 551
380 421 848
381 162 184
382 537 188
382 681 596
382 118 905
385 43 58
386 761 870
387 432 762
389 833 234
389 432 701
390 967 429
391 463 113
391 633 197
391 436 349
391 970 350
392 584 71
392 653 195
392 997 250
392 525 314
393 430 7
393 344 539
393 766 765
393 835 875
394 610 249
395 753 114
395 174 225
395 836 477
395 994 763
395 598 836
396 627 727
397 778 777
398 797 286
400 823 216
400 40 441
400 619 585
400 816 794
401 707 356
401 419 884
401 416 946
402 666 157
402 894 390
402 599 447
403 914 398
403 527 693
404 703 144
404 482 150
404 784 181
404 646 438
404 701 900
404 609 980
405 6 394
405 472 468
406 808 436
406 455 537
406 559 995
407 809 690
407 492 869
408 111 87
408 649 434
408 38 717
408 426 746
408 956 949
409 242 860
410 485 107
411 454 256
411 656 522
411 236 616
411 102 787
412 415 308
412 23 887
413 451 767
413 421 791
415 412 308
416 146 132
416 208 489
416 483 556
416 593 737
416 401 946
417 226 595
418 525 97
419 606 74
419 440 333
419 435 383
419 754 423
419 832 600
419 401 884
419 710 991
420 250 239
421 377 528
421 413 791
421 28 816
421 380 848
421 787 879
422 716 50
422 269 411
422 689 548
422 844 679
423 526 85
423 120 917
425 996 640
426 126 399
426 7 547
426 408 746
426 914 796
427 679 128
427 430 285
429 850 245
429 459 687
430 393 7
430 427 285
432 200 648
432 389 701
432 387 762
432 583 826
433 511 95
433 983 569
433 551 709
433 138 861
434 253 170
435 419 383
436 761 232
436 391 349
437 140 368
437 950 403
437 186 521
437 533 899
437 315 911
438 523 138
439 516 402
440 419 333
441 29 147
441 639 209
441 767 985
442 870 189
442 291 207
442 464 410
442 856 684
444 268 10
444 232 81
444 919 448
444 974 592
447 102 69
447 786 317
447 309 912
448 30 63
448 509 981
450 489 961
451 15 106
451 413 767
452 70 792
453 960 483
453 769 982
454 411 256
454 345 318
454 963 428
454 114 442
454 342 844
455 720 309
455 406 537
456 940 815
456 949 934
457 357 121
457 232 201
457 166 206
458 708 878
458 167 929
459 372 400
459 429 687
460 894 143
460 952 422
460 89 564
461 530 25
461 899 29
461 663 420
461 132 644
461 98 720
463 391 113
463 291 304
463 198 491
464 318 12
464 520 91
464 11 159
464 294 185
464 442 410
465 279 459
465 785 742
465 583 840
465 696 872
466 120 998
467 566 171
467 184 590
467 644 672
469 192 321
470 638 566
470 621 906
471 325 651
472 225 67
472 705 152
472 284 288
472 405 468
472 121 480
473 619 251
473 254 319
473 944 370
474 379 351
474 657 637
475 702 296
476 893 227
476 190 320
476 758 604
476 182 954
477 526 123
478 129 362
478 329 452
478 784 910
479 607 645
479 632 813
479 350 903
480 294 510
481 241 268
482 404 150
482 215 714
483 538 191
483 74 485
483 416 556
484 729 971
485 410 107
485 837 174
485 674 176
485 772 735
485 872 833
486 723 31
486 655 685
486 301 812
488 259 127
489 450 961
490 924 26
490 523 715
490 550 758
491 105 629
492 139 274
492 407 869
493 30 450
495 645 339
495 86 928
495 254 950
497 723 120
497 182 707
497 19 770
498 987 435
499 272 798
500 831 27
500 281 395
500 529 809
500 627 863
500 713 976
501 838 565
501 824 582
502 27 178
502 925 218
502 60 270
502 237 536
503 573 460
503 997 990
504 517 37
504 921 500
504 543 856
505 897 424
507 717 280
507 892 571
508 983 79
509 895 376
509 448 981
510 998 17
510 180 149
510 519 358
510 161 467
511 934 40
511 433 95
513 548 938
514 143 72
514 100 357
514 810 948
515 736 574
515 144 941
516 96 141
516 439 402
517 504 37
517 527 397
517 232 554
518 566 760
519 921 100
519 510 358
519 713 664
520 464 91
520 284 819
520 32 901
522 106 47
522 845 247
522 822 272
522 681 824
522 853 957
522 379 975
523 438 138
523 702 345
523 490 715
524 46 257
524 767 966
525 560 14
525 418 97
525 392 314
526 423 85
526 477 123
526 807 486
527 517 397
527 576 560
527 403 693
528 649 718
529 500 809
529 182 817
529 682 867
529 148 881
530 461 25
530 850 198
530 820 719
530 321 738
532 817 353
532 630 771
532 143 793
532 758 894
532 920 969
533 14 831
533 437 899
534 556 421
534 154 909
534 969 1002
535 89 517
535 646 642
537 382 188
537 615 364
537 313 535
537 267 665
538 483 191
538 984 254
538 333 313
538 581 999
540 112 139
540 609 382
540 268 530
541 801 827
542 236 233
543 716 618
543 504 856
544 949 9
544 635 301
545 145 723
545 328 858
545 158 943
545 560 988
546 302 578
547 972 416
547 731 963
548 513 938
549 987 897
550 490 758
550 285 992
551 30 292
551 433 709
553 196 504
553 343 835
554 259 541
555 588 761
555 691 983
556 534 421
556 263 956
557 18 75
557 10 186
557 102 366
558 138 269
559 137 851
559 406 995
560 525 14
560 545 988
561 897 577
562 811 287
562 991 924
563 746 540
563 111 658
564 892 974
565 818 632
566 467 171
566 879 516
566 518 760
567 920 30
568 902 307
568 686 417
568 726 458
569 250 409
570 911 437
570 757 784
571 192 112
571 973 401
571 304 479
571 929 518
573 144 146
573 309 322
573 503 460
574 321 561
574 934 581
575 222 455
576 527 560
577 235 830
579 645 294
579 131 335
580 782 359
581 158 6
581 51 96
581 967 601
581 538 999
582 323 838
583 955 624
583 432 826
583 465 840
583 883 930
584 392 71
584 352 942
585 918 129
585 238 465
585 18 612
585 249 730
586 744 167
586 125 490
586 841 673
586 224 683
586 21 786
587 651 38
587 862 466
588 208 108
588 597 253
588 914 338
588 555 761
589 612 606
589 137 650
591 250 82
591 874 344
593 44 385
593 626 659
593 416 737
593 36 868
593 752 877
594 162 405
594 757 904
595 881 148
595 976 728
595 212 733
595 251 973
596 67 392
596 879 818
597 588 253
597 624 427
597 612 876
598 38 299
598 395 836
599 402 447
601 309 829
601 901 1004
604 704 736
604 887 1003
605 606 5
605 170 323
605 922 372
605 733 444
606 605 5
606 419 74
606 729 163
606 150 336
607 479 645
608 354 638
608 611 726
609 540 382
609 404 980
610 289 101
610 336 242
610 394 249
611 608 726
612 137 169
612 165 456
612 589 606
612 872 747
612 597 876
614 351 502
614 64 996
615 742 61
615 658 325
615 537 364
615 791 472
616 765 430
616 173 722
616 296 913
618 228 494
619 473 251
619 400 585
621 224 156
621 138 348
621 27 414
621 709 534
621 470 906
622 291 223
622 379 278
622 273 681
623 75 41
623 963 639
624 800 83
624 597 427
624 232 643
625 742 295
625 63 511
626 593 659
626 819 958
627 210 283
627 396 727
627 500 863
627 357 920
628 797 199
628 67 729
629 685 839
630 532 771
631 217 850
632 808 215
632 479 813
633 391 197
634 977 158
634 919 803
635 95 78
635 544 301
635 804 375
637 284 235
637 977 408
638 875 454
638 719 506
638 470 566
638 746 965
639 441 209
640 959 117
640 136 703
640 673 939
641 309 92
641 682 821
643 863 691
644 99 641
644 467 672
645 579 294
645 495 339
645 849 496
645 957 589
645 281 625
645 216 751
645 963 908
646 795 194
646 942 365
646 404 438
646 535 642
647 799 404
648 128 135
649 308 190
649 971 266
649 408 434
649 528 718
650 816 161
651 587 38
651 52 396
652 273 45
652 975 603
652 374 647
652 983 671
653 392 195
653 747 425
653 925 524
653 292 633
654 836 953
655 486 685
655 346 921
656 411 522
656 956 526
657 296 598
657 671 615
657 474 637
657 970 776
658 745 154
658 754 175
658 699 291
658 615 325
659 777 119
659 122 310
659 55 692
660 316 68
660 310 369
660 934 955
661 177 533
663 461 420
663 788 873
663 23 945
664 146 433
664 106 614
664 247 778
665 61 347
666 402 157
666 725 688
667 670 440
668 216 621
669 308 4
669 91 265
670 681 137
670 367 224
670 86 367
670 667 440
671 657 615
671 182 843
672 171 52
672 840 105
672 8 379
672 964 790
673 294 387
673 640 939
673 346 978
674 181 18
674 485 176
674 787 182
674 53 355
675 880 593
675 111 755
676 981 509
676 730 702
676 776 828
678 189 212
679 427 128
679 915 260
679 220 575
679 175 622
679 721 741
680 30 669
681 670 137
681 875 273
681 382 596
681 522 824
681 304 994
682 884 326
682 80 766
682 641 821
682 529 867
683 863 799
683 31 822
684 42 527
685 19 103
685 629 839
685 994 997
686 568 417
687 240 898
689 948 219
689 422 548
690 164 698
690 216 853
691 183 57
691 876 626
691 555 983
692 24 118
693 772 316
694 134 597
694 777 823
695 888 785
695 721 932
696 362 431
696 200 847
696 465 872
697 882 1000
699 166 33
699 658 291
700 277 306
700 198 470
700 276 700
701 404 900
702 475 296
702 272 311
702 523 345
703 404 144
703 229 290
703 202 343
703 1 474
703 955 731
703 115 891
704 734 360
704 604 736
704 816 849
705 862 66
705 472 152
705 23 407
706 957 36
706 814 795
707 401 356
708 458 878
709 256 84
709 621 534
709 874 689
710 936 151
710 419 991
711 883 160
712 247 418
713 519 664
713 500 976
714 51 451
715 754 24
715 257 142
715 999 380
715 242 896
716 422 50
716 543 618
717 507 280
719 638 506
720 455 309
720 834 532
720 205 608
721 224 464
721 679 741
721 695 932
723 994 8
723 486 31
723 240 88
723 497 120
724 342 332
724 366 852
725 820 42
725 666 688
726 568 458
726 997 579
727 910 832
728 963 94
729 25 54
729 606 163
729 484 971
730 676 702
730 42 893
731 547 963
732 957 503
733 605 444
734 906 20
734 704 360
734 814 568
735 835 3
736 515 574
736 86 668
737 136 508
738 920 745
739 765 64
739 977 874
740 914 880
741 31 959
742 615 61
742 751 220
742 625 295
743 172 661
744 58 44
744 586 167
744 86 871
745 658 154
746 563 540
746 638 965
747 653 425
749 884 695
749 848 744
750 173 180
750 219 412
751 742 220
752 948 660
752 869 699
752 593 877
753 395 114
753 79 179
753 979 222
753 861 507
754 715 24
754 76 111
754 658 175
754 419 423
754 986 696
754 180 855
755 902 65
755 949 140
755 862 837
756 337 810
757 570 784
757 594 904
758 476 604
758 865 677
758 281 748
758 532 894
759 936 655
759 240 931
759 361 940
761 852 155
761 436 232
761 386 870
762 789 21
764 254 706
764 965 964
765 739 64
765 986 289
765 616 430
765 223 529
766 842 557
766 393 765
767 199 166
767 372 243
767 524 966
767 441 985
768 338 248
769 847 609
769 301 667
769 377 886
769 453 982
770 148 888
772 47 297
772 693 316
772 806 666
772 485 735
772 263 759
774 339 814
774 185 933
775 103 499
775 961 634
776 676 828
776 70 952
777 659 119
777 694 823
778 132 246
778 83 475
778 229 519
778 397 777
780 47 918
782 995 145
782 580 359
782 298 967
783 896 439
783 153 493
783 194 587
783 334 725
784 404 181
784 107 373
784 183 783
784 478 910
785 465 742
786 447 317
786 42 576
786 167 842
787 674 182
787 249 628
787 421 879
788 246 389
788 663 873
789 762 21
789 173 599
789 293 654
790 162 384
791 615 472
791 896 580
794 1 550
794 295 986
795 646 194
795 233 214
795 243 907
796 893 19
797 628 199
797 8 262
797 398 286
798 268 122
798 348 432
798 286 487
799 647 404
800 624 83
800 915 340
801 541 827
802 366 99
804 954 124
804 191 168
804 635 375
804 878 482
804 149 968
805 294 559
806 772 666
806 342 806
807 526 486
807 54 732
808 632 215
808 406 436
808 268 779
809 407 690
809 19 841
810 342 740
810 514 948
811 562 287
811 242 463
812 319 686
812 26 775
813 157 56
813 308 555
813 916 769
813 23 916
814 734 568
814 141 573
814 706 795
815 100 165
816 650 161
816 400 794
816 704 849
817 95 130
817 105 282
817 532 353
817 969 674
818 111 203
818 565 632
818 172 885
819 238 902
819 626 958
819 17 962
820 725 42
820 897 513
820 938 713
820 530 719
821 952 413
822 522 272
822 256 757
823 400 216
823 835 298
824 304 193
824 208 305
824 501 582
824 912 705
826 880 697
827 966 386
828 80 663
828 8 773
828 243 859
830 303 457
830 932 544
830 170 721
831 500 27
832 419 600
832 26 857
832 168 993
833 389 234
833 18 334
833 178 445
833 334 523
833 189 549
833 261 774
834 720 532
835 735 3
835 823 298
835 393 875
836 932 125
836 299 328
836 395 477
836 654 953
837 485 174
837 316 252
837 340 378
838 501 565
838 921 914
839 302 415
839 206 656
840 672 105
840 92 196
840 988 255
841 586 673
842 766 557
843 924 471
844 422 679
845 522 247
845 241 461
845 352 514
845 267 768
847 365 419
847 769 609
848 749 744
849 645 496
850 80 116
850 530 198
850 429 245
851 992 680
851 102 710
852 761 155
853 244 48
853 962 825
853 522 957
854 229 811
856 442 684
858 904 279
860 222 324
861 753 507
862 705 66
862 76 381
862 587 466
862 755 837
863 643 691
863 683 799
864 134 183
865 758 677
866 264 781
867 346 977
869 935 221
869 752 699
870 442 189
870 12 329
872 376 682
872 612 747
872 485 833
873 122 947
874 127 70
874 591 344
874 709 689
875 226 46
875 681 273
875 638 454
876 691 626
877 10 478
878 342 217
878 804 482
878 6 925
879 566 516
879 596 818
880 210 49
880 675 593
880 826 697
881 595 148
882 353 28
882 697 1000
883 711 160
883 917 231
883 583 930
884 905 164
884 682 326
884 749 695
886 927 563
886 30 610
886 903 617
887 201 772
887 604 1003
888 695 785
889 971 570
889 237 797
890 27 488
890 218 970
891 380 13
892 507 571
892 564 974
893 796 19
893 476 227
893 278 676
894 460 143
894 921 208
894 402 390
894 353 753
895 988 134
895 509 376
895 305 936
896 783 439
896 791 580
897 505 424
897 970 453
897 820 513
897 561 577
898 49 267
898 929 613
899 461 29
899 977 303
901 0 623
901 601 1004
902 755 65
902 568 307
903 886 617
904 858 279
904 40 388
904 86 531
905 884 164
905 212 882
906 734 20
906 212 93
906 940 605
907 268 34
907 191 43
909 110 391
910 214 312
910 51 586
910 918 662
910 727 832
911 309 35
911 570 437
912 824 705
913 1 652
914 76 192
914 588 338
914 403 398
914 426 796
914 740 880
915 679 260
915 800 340
916 162 281
916 813 769
917 883 231
918 585 129
918 199 271
918 910 662
919 444 448
919 634 803
920 567 30
920 738 745
920 338 754
920 206 919
920 532 969
921 519 100
921 894 208
921 504 500
921 838 914
921 80 935
922 605 372
922 155 497
923 201 315
924 490 26
924 843 471
925 502 218
925 964 342
925 653 524
926 95 237
927 886 563
929 326 210
929 571 518
929 898 613
932 836 125
932 830 544
934 511 40
934 994 80
934 574 581
934 660 955
935 372 110
935 869 221
936 710 151
936 759 655
937 128 259
938 820 713
939 299 756
940 906 605
940 456 815
942 646 365
942 362 443
942 75 808
943 17 162
944 473 370
945 90 354
947 956 1
947 363 374
948 689 219
948 752 660
948 92 752
949 544 9
949 755 140
949 456 934
949 332 984
950 437 403
950 959 716
952 821 413
952 460 422
952 974 501
954 82 53
954 804 124
955 186 302
955 583 624
955 703 731
956 947 1
956 656 526
956 408 949
957 706 36
957 277 202
957 354 226
957 732 503
957 645 589
957 254 749
958 117 426
958 175 481
959 259 73
959 640 117
959 139 543
959 950 716
959 999 864
960 186 228
960 453 483
961 161 23
961 330 153
961 114 512
961 775 634
962 853 825
963 728 94
963 454 428
963 623 639
963 331 865
963 645 908
964 925 342
964 672 790
965 764 964
966 204 172
966 366 187
966 827 386
967 25 377
967 390 429
967 581 601
968 185 805
969 817 674
969 534 1002
970 391 350
970 897 453
970 657 776
971 649 266
971 889 570
972 547 416
973 571 401
974 952 501
974 444 592
975 652 603
976 595 728
977 634 158
977 899 303
977 637 408
977 739 874
979 753 222
980 353 22
981 181 462
981 676 509
983 508 79
983 372 102
983 433 569
983 652 671
983 274 789
983 376 800
984 538 254
985 173 558
986 765 289
986 754 696
987 498 435
987 549 897
988 895 134
988 840 255
990 151 59
991 562 924
992 851 680
994 723 8
994 934 80
994 395 763
994 685 997
995 782 145
995 108 258
996 425 640
997 356 131
997 392 250
997 726 579
997 503 990
998 510 17
999 715 380
999 42 635
999 959 864
